Untitled
- Delay -
active: false
- Duration - 
lowMin: 500.0
lowMax: 500.0
- Count - 
min: 0
max: 510
- Emission - 
lowMin: 0.0
lowMax: 0.0
highMin: 500.0
highMax: 500.0
relative: false
scalingCount: 1
scaling0: 1.0
timelineCount: 1
timeline0: 0.0
- Life - 
lowMin: 0.0
lowMax: 0.0
highMin: 500.0
highMax: 500.0
relative: false
scalingCount: 3
scaling0: 1.0
scaling1: 1.0
scaling2: 1.0
timelineCount: 3
timeline0: 0.0
timeline1: 0.66
timeline2: 1.0
- Life Offset - 
active: false
- X Offset - 
active: false
- Y Offset - 
active: false
- Spawn Shape - 
shape: point
- Spawn Width - 
lowMin: 0.0
lowMax: 0.0
highMin: 0.0
highMax: 0.0
relative: false
scalingCount: 1
scaling0: 1.0
timelineCount: 1
timeline0: 0.0
- Spawn Height - 
lowMin: 0.0
lowMax: 0.0
highMin: 0.0
highMax: 0.0
relative: false
scalingCount: 1
scaling0: 1.0
timelineCount: 1
timeline0: 0.0
- Scale - 
lowMin: 0.0
lowMax: 0.0
highMin: 56.0
highMax: 56.0
relative: false
scalingCount: 1
scaling0: 1.0
timelineCount: 1
timeline0: 0.0
- Velocity - 
active: true
lowMin: 0.0
lowMax: 0.0
highMin: 1000.0
highMax: 1000.0
relative: false
scalingCount: 8
scaling0: 0.10674157
scaling1: 0.21348314
scaling2: 0.5
scaling3: 0.6966292
scaling4: 0.83146065
scaling5: 0.8820225
scaling6: 0.93820226
scaling7: 1.0
timelineCount: 8
timeline0: 0.0
timeline1: 0.21232124
timeline2: 0.33223322
timeline3: 0.43564355
timeline4: 0.5610561
timeline5: 0.73157316
timeline6: 0.8272827
timeline7: 1.0
- Angle - 
active: true
lowMin: 0.0
lowMax: 0.0
highMin: 0.0
highMax: 360.0
relative: false
scalingCount: 3
scaling0: 1.0
scaling1: 1.0
scaling2: 1.0
timelineCount: 3
timeline0: 0.0
timeline1: 0.53424656
timeline2: 0.9520548
- Rotation - 
active: false
- Wind - 
active: false
- Gravity - 
active: false
- Tint - 
colorsCount: 9
colors0: 1.0
colors1: 0.35686275
colors2: 0.047058824
colors3: 0.77254903
colors4: 0.20392157
colors5: 0.043137256
colors6: 1.0
colors7: 0.12156863
colors8: 0.047058824
timelineCount: 3
timeline0: 0.0
timeline1: 0.5077882
timeline2: 1.0
- Transparency - 
lowMin: 0.0
lowMax: 0.0
highMin: 1.0
highMax: 1.0
relative: false
scalingCount: 7
scaling0: 0.19101124
scaling1: 0.48314607
scaling2: 0.3988764
scaling3: 0.9269663
scaling4: 0.6741573
scaling5: 0.48876405
scaling6: 0.19101124
timelineCount: 7
timeline0: 0.0
timeline1: 0.067477874
timeline2: 0.14269912
timeline3: 0.3130531
timeline4: 0.46128318
timeline5: 0.6438053
timeline6: 0.9966814
- Options - 
attached: false
continuous: false
aligned: false
additive: true
behind: false
premultipliedAlpha: false
- Image Path -
/C:/Users/Solange Tereshko/Documents/Ivan/Chernovik/Defense/desktop/pre_particle.png
