Untitled
- Delay -
active: false
- Duration - 
lowMin: 500.0
lowMax: 500.0
- Count - 
min: 0
max: 510
- Emission - 
lowMin: 0.0
lowMax: 0.0
highMin: 600.0
highMax: 1000.0
relative: false
scalingCount: 3
scaling0: 1.0
scaling1: 1.0
scaling2: 1.0
timelineCount: 3
timeline0: 0.0
timeline1: 0.1780822
timeline2: 1.0
- Life - 
lowMin: 600.0
lowMax: 600.0
highMin: 600.0
highMax: 1000.0
relative: false
scalingCount: 3
scaling0: 1.0
scaling1: 1.0
scaling2: 1.0
timelineCount: 3
timeline0: 0.0
timeline1: 0.28767124
timeline2: 1.0
- Life Offset - 
active: false
- X Offset - 
active: false
- Y Offset - 
active: false
- Spawn Shape - 
shape: point
- Spawn Width - 
lowMin: 0.0
lowMax: 0.0
highMin: 0.0
highMax: 0.0
relative: false
scalingCount: 1
scaling0: 1.0
timelineCount: 1
timeline0: 0.0
- Spawn Height - 
lowMin: 0.0
lowMax: 0.0
highMin: 0.0
highMax: 0.0
relative: false
scalingCount: 1
scaling0: 1.0
timelineCount: 1
timeline0: 0.0
- X Scale - 
lowMin: 0.0
lowMax: 0.0
highMin: 10.0
highMax: 120.0
relative: false
scalingCount: 8
scaling0: 0.9019608
scaling1: 0.1764706
scaling2: 0.3529412
scaling3: 0.74509805
scaling4: 0.92156863
scaling5: 1.0
scaling6: 1.0
scaling7: 0.0
timelineCount: 8
timeline0: 0.0
timeline1: 0.2260274
timeline2: 0.34931508
timeline3: 0.5054935
timeline4: 0.6164383
timeline5: 0.6643836
timeline6: 0.76785713
timeline7: 1.0
- Y Scale - 
active: false
- Velocity - 
active: true
lowMin: 0.0
lowMax: 0.0
highMin: 600.0
highMax: 1200.0
relative: false
scalingCount: 8
scaling0: 1.0
scaling1: 0.7752809
scaling2: 0.0
scaling3: 0.8627451
scaling4: 0.9269663
scaling5: 1.0
scaling6: 0.9325843
scaling7: 1.0
timelineCount: 8
timeline0: 0.0
timeline1: 0.16558442
timeline2: 0.30821916
timeline3: 0.60958904
timeline4: 0.73214287
timeline5: 0.8685065
timeline6: 0.9983766
timeline7: 1.0
- Angle - 
active: true
lowMin: 0.0
lowMax: 0.0
highMin: 0.0
highMax: 360.0
relative: false
scalingCount: 1
scaling0: 1.0
timelineCount: 1
timeline0: 0.0
- Rotation - 
active: false
- Wind - 
active: false
- Gravity - 
active: false
- Tint - 
colorsCount: 12
colors0: 1.0
colors1: 0.18431373
colors2: 0.047058824
colors3: 1.0
colors4: 0.25882354
colors5: 0.047058824
colors6: 0.77254903
colors7: 0.4
colors8: 0.043137256
colors9: 1.0
colors10: 0.047058824
colors11: 0.047058824
timelineCount: 4
timeline0: 0.0
timeline1: 0.5441329
timeline2: 0.7113188
timeline3: 1.0
- Transparency - 
lowMin: 0.0
lowMax: 0.0
highMin: 1.0
highMax: 1.0
relative: false
scalingCount: 7
scaling0: 1.0
scaling1: 0.5614035
scaling2: 1.0
scaling3: 0.58426964
scaling4: 1.0
scaling5: 0.6011236
scaling6: 0.98876405
timelineCount: 7
timeline0: 0.0
timeline1: 0.15753424
timeline2: 0.27168575
timeline3: 0.45171848
timeline4: 0.57937807
timeline5: 0.7806874
timeline6: 0.99018
- Options - 
attached: false
continuous: false
aligned: false
additive: true
behind: false
premultipliedAlpha: false
spriteMode: single
- Image Paths -
/C:/Users/Solange Tereshko/Documents/Ivan/Chernovik/Defense/desktop/pre_particle.png

